0.,-0.013898547558313212,-0.010963835233902874,0.06241332757701146,-0.19127243659868964,0.07971689199810061,-0.19415904287668667,-0.17430491147776744,-0.060708962308560155,-0.19452391890038512,0.05629384518421654,-0.11051274456796356,-0.1781069411288772,0.06390077003066619,-0.13482313896808562,0.19830819288982893,-0.13109248392906991,-0.15966202969138132,0.04015117059445106,-0.07174556307718793,-0.17302696592403466,-0.04921308115262557,0.13254054547228278,-0.07576856470921689,0.013258069246439574,0.11801667343417499,-0.01653444702155038,0.16417758454020814,-0.11820944210911993,0.05640855944758749,0.0019283980007007706
0.05,0.1360444711098262,-0.007484511908807501,0.8772510913310182,0.16141299054529623,-0.003944154351856244,0.9354781440345004,-0.06366729040633241,0.2584241620141672,0.9065664550975433,0.20867618090730533,0.16089823877482878,0.6606533260806443,-0.04247039227098,0.18045823765086344,0.6989144104902306,0.0595312021489459,0.2806179514213232,0.6624381470249484,-0.0024207197378516426,0.3258391482936339,0.8901400616504599,-0.028297916227329148,0.021619719095169854,0.8284802045004862,0.1597608200487396,0.07355907884014512,0.7758157759471822,0.15008984541323367,0.0857575176675599,0.6483104055136902
0.1,0.3744158173397757,0.42468203881407085,1.6133864451242912,0.11426451614719355,0.4453605611998759,1.32738997347865,0.08753340502920512,0.32283665179461596,1.3506690382734503,0.25664039399786964,0.26976965113996587,1.5744481105529342,0.22631145070134548,0.4108467260484433,1.5640442741401133,0.33436941357027217,0.22808676937051453,1.5870333074112015,0.030459194872314937,0.1054478233967392,1.304516349495163,0.2512529236223269,0.22493283596143931,1.4685167272956734,0.3072744719153129,0.14599299592136328,1.3456643329889202,0.016452054221693074,0.31364913090312274,1.5555404046658077
0.15000000000000002,0.3888543701391344,0.33155484138347585,2.2759283307218863,0.20688163953731498,0.5224463508653123,2.426395119001075,0.3636745311098689,0.41994909649779816,2.3305381886969414,0.3279755885658209,0.23217653513432218,2.1798176262778464,0.2412759240186575,0.5858073925284586,2.0488791513086997,0.17717578105831233,0.5374163593060524,2.217421195743208,0.15309868645028607,0.47860958460544906,2.3581983429782483,0.317538600356016,0.3754307895381845,2.3722206406145387,0.35556124058666294,0.5726979955835632,2.3515568116126877,0.15602070731862971,0.5984839652382172,2.4250746815196957
0.2,0.2182173188041871,0.5270748540249101,2.801589036655977,0.26435544769490554,0.7114468866896391,2.8377673526711997,0.3083091337787887,0.6681598289189778,3.136394686755101,0.4697412938314503,0.4038018343873742,3.0313733616285083,0.5216440958275452,0.496879442320198,2.776545258648781,0.43155298161321937,0.42537201965794535,3.052145144617091,0.21702004156627525,0.3501330663958944,3.1221544028541937,0.46247174295586296,0.745007257372635,3.084542868057261,0.2798693278990368,0.5689967107484154,2.7836769674481694,0.27823828616758844,0.47113665666014304,3.158483910460034
0.25,0.2427340134144319,0.6987863140589538,3.591854455586651,0.3259620837420089,0.7436732227805143,3.7998091499552054,0.41449184777776404,0.875691356176526,3.5720128334131056,0.45684777268716337,0.7471576161216065,3.5106560926413812,0.31126265032675404,0.7186179036763947,3.823219302616944,0.41289157486313954,0.6037282196699476,3.6739365865837454,0.6119497938252955,0.6522404792337703,3.560818784554107,0.38693962962496087,0.8454437262862574,3.516617147400564,0.5577770266779969,0.8492130009067096,3.7617009530912062,0.49705928181947634,0.8495894093285306,3.698499610586839
0.30000000000000004,0.6973604120975678,0.8389074412484249,4.307119646820951,0.5270948696791038,0.6794980959509878,4.344730177736543,0.7013097714243053,0.719106459308631,4.430063458737475,0.5733124483328698,0.7886507815161757,4.538797597805831,0.5304760993194902,0.7467142237945745,4.457734241153017,0.41437476651371213,0.7256368008837479,4.365909857421221,0.4019281292281161,0.8681135140161129,4.252064302804248,0.4863115466953769,0.7041772843060705,4.243258758430996,0.49204703059671884,0.8016047144817657,4.564351942953731,0.6934118785938487,0.7162346141746743,4.354477062924417
0.35000000000000003,0.5063081738547472,0.9613003813598654,4.998369473140514,0.5533227615941854,1.1008002804629835,5.155961524648335,0.5842304442713048,1.044932332438682,4.984541882412844,0.6348840598645902,0.9554278277399993,4.975227968749207,0.45916645530790273,1.0709259301870633,5.219290659884767,0.6231717556257019,1.0967884153059053,4.945268588777228,0.6490353178606468,1.1383685953397626,4.936814096662344,0.7140586075657523,0.7877985511917339,4.925559894090802,0.7974387864435564,1.0176467504884652,5.237875801537849,0.658244156469469,0.9665889379310976,5.225554905774012
0.4,0.8932657380767756,1.2025875968139204,5.929460173643069,0.6214302351003178,1.0863967434116015,5.855307511580232,0.8207732563229323,1.1901139063847281,5.630949508165189,0.6562237739515245,1.0397551171475108,5.927632813287494,0.7925747332429353,1.0899833502877616,5.901395979383812,0.7672228718832946,1.0620184682354699,5.585054556667235,0.6951466990333129,1.268848605744331,5.904113777524578,0.7774249574342688,1.0879375128844464,5.606544200807245,0.8309790212678271,0.9758075521075913,5.692963665501018,0.7017927808038582,1.0231582877859682,5.8107590905594595
0.45,0.9511715820941253,1.0681295201993894,6.522659504919206,0.9695282820351222,1.0419151877605892,6.546686631894798,0.8997449551441182,1.2223429663839358,6.439228627405148,0.8801364738013252,1.1465882996075467,6.42622023018167,0.7918062903998188,1.3507927981867978,6.241924109850359,0.7682202261929546,1.2681110294322573,6.2239078594836394,0.9231545007065471,1.3030620867172562,6.56532875859265,0.7689288462205816,1.3060498130444933,6.482737737296067,0.7712711677974373,1.389242819716995,6.329324082328923,0.7203502488070268,1.425246079952187,6.371463598480387
0.5,0.8145859678409213,1.3240518097448728,7.186485677421605,0.8169549021806456,1.2530824745062386,7.232356352147566,1.0740966397261835,1.2268915783878003,7.253539440422507,0.8311736030170015,1.4957182718264663,6.976740521147522,0.7855107187638031,1.2824895359122648,7.138626775990343,0.9648709594331032,1.4394941879794763,7.030986872858426,1.0565789980608506,1.4350708892746682,7.022812609034632,0.9208752857399694,1.4049053060972687,6.9579000916336895,0.926574811558628,1.3378105525499464,7.001422374301963,0.8881106432114416,1.170057880986519,7.095439778023533
0.55,0.9765999422720383,1.535132613216971,7.608326594836991,0.8336879269423465,1.4893213190456027,7.809878876755239,1.1510128961206514,1.4518610906483844,7.804297861918127,1.1490992302327652,1.4250275064388584,7.886152421444078,1.0027062967053801,1.3574979213772105,7.870702763431848,0.9394878396960049,1.4526735235852806,7.660501494108131,1.0861050925242977,1.5096890001488719,7.761882689594833,0.8833098687550502,1.33303999046875,7.771121161216296,1.0522532151869952,1.4485204120993633,7.574055860317438,0.8613249035261858,1.648165672693835,7.7180819163499
0.6000000000000001,1.159775732026257,1.6539197520600266,8.36458122563277,1.0686716863698607,1.6803058339816634,8.5585925697923,0.9882353513144545,1.721193250726061,8.553484372134028,1.1773925356766588,1.7513377528866299,8.23749183670435,0.9491718268998889,1.4825823286811202,8.336183832956502,1.015233080984109,1.5855182574009565,8.466119026532166,1.1597387039303988,1.7314498091637243,8.20311336302402,1.0730878363160858,1.7960497609492334,8.228498091618716,1.1997914358028723,1.677704764499424,8.513549460756233,1.003073079150567,1.506170990583312,8.314003647921712
0.65,1.2999470022047483,1.715025901251209,8.936283392967178,1.14248512703042,1.8136956358763685,8.987017444304298,1.3008867531005803,1.8062763271117017,8.920033350728223,1.305954843534945,1.8134219461055392,8.976010289913177,1.0962397717559216,1.9230483298937515,8.917003215159387,1.0578972068057042,1.786859805577308,8.963969748680526,1.1279550586523235,1.6504495243163393,8.850072776782827,0.9800791341489516,1.783170290313517,9.064200863374761,1.1600441981726863,1.6602141745775782,8.967427286152477,1.0044436848772311,1.7578628060516008,9.023972994237276
0.7000000000000001,1.0968880343123242,1.8410492344830118,9.510777099643708,1.2038272070172793,1.9461450485840948,9.741054345753845,1.3732717101603877,1.742791007862829,9.667954064022346,1.2447380151497889,1.9296184431009638,9.79084898596276,1.178720393824304,1.7819681800762786,9.452386349668576,1.2357974012830093,1.8075342360800366,9.602154763312491,1.3348162271842487,2.075719526124022,9.562867988092291,1.2468956684626082,2.0038615119434935,9.54268721839423,1.2715179258800262,2.103270950202601,9.606015701524928,1.2209478082240746,1.7305253515730343,9.685258792203001
0.75,1.4381459908063796,2.110040814835178,10.274442319122182,1.445370448901321,1.9488343696087769,10.19881645427948,1.3100595704232663,1.8829391346521127,10.289762852119985,1.307278353234586,1.9647313206374242,10.047982910619911,1.365946629389874,1.9027865317953292,10.155400751127878,1.1555365318479711,2.208242062622471,10.376955164752042,1.4893818402407326,2.0001143251040214,10.23109346430499,1.2307470116442798,2.2211818723899523,10.063436932547289,1.4531218497940255,2.0706793743804726,10.189880358234323,1.2472380565873271,2.0958293057586412,10.365118619563185
0.8,1.2304229869364673,2.0431397201837656,10.987479619123924,1.5012764966053247,2.3547209189516884,10.71178232898255,1.277713402727862,2.2756701712257352,10.627744629215396,1.556982671743227,2.3346663557271765,10.999869954103088,1.317629933071545,2.3476411399626613,10.765431635942363,1.2126743104210156,2.126500916628638,10.975926183073184,1.3201481222835687,2.0742711362575874,10.720074111258521,1.312040162451512,2.0562806378583622,10.806461194075151,1.2307856293782926,2.232907932157076,10.967626613754906,1.276757250332925,2.1668875787216417,10.994526549148526
0.8500000000000001,1.4124790188074845,2.236023904301045,11.357724777339072,1.4852974169280033,2.3561664084043334,11.32782377498017,1.3616390325283998,2.3253764540352586,11.489837559949004,1.5446244821380533,2.3653948522241124,11.212863787585318,1.6730089049055268,2.4935649829735116,11.364068772016077,1.287710064050776,2.4021752469252227,11.57513370650998,1.6804122506535735,2.3311291507944247,11.353503043829503,1.3956384732820175,2.199441019260321,11.321509816384877,1.4250177647926678,2.527448344288453,11.50349176081321,1.6844488600505536,2.410398451533597,11.396061195087082
0.9,1.4283063795477917,2.396100464239941,12.142112450514315,1.405061535127084,2.660198865822513,11.798323140758209,1.409545619042503,2.6161656632628896,11.93639301729425,1.41512927503017,2.6469017071490937,11.952940536193669,1.4106142482084547,2.31478997102643,11.784636215700642,1.7620818050916158,2.3856260372838394,11.952368056565735,1.6838766226635211,2.2727792478412585,12.008802336521969,1.4527721518897394,2.311266069214442,11.878167793608796,1.397553411235668,2.4683373016913417,11.927545214011507,1.763500709886035,2.6477752424879597,12.151987363673253
0.9500000000000001,1.622234306555412,2.4933540549166846,12.398919745585838,1.7928034221660136,2.755922501207006,12.59980949227695,1.6850653269951072,2.6900121716925036,12.607379982856047,1.6282648509599609,2.6507755545877942,12.362156540686852,1.5184841531132252,2.4542188196147694,12.377148754892332,1.7267321883294755,2.5685868830455068,12.37173480021211,1.738874226456549,2.747024803295261,12.329322441678668,1.5512482320701682,2.4170623151148587,12.35978509219198,1.6639237368312876,2.753177055493045,12.328187506850528,1.5826584702231337,2.5348741997836886,12.41323898100739
1.,1.9188283757307576,2.7711035013000975,12.879192130191548,1.7764563086435974,2.850845992817877,13.01870467976828,1.9104414650600505,2.5488829039324647,13.015184434327427,1.5886807592318477,2.9098623485564534,13.006343285748205,1.673788166799344,2.547006575839016,13.1229106145826,1.641815070407403,2.740139680185406,13.257102619872544,1.6314462930990536,2.6477280146856765,13.071613731647968,1.7273715159556708,2.558085660684672,13.245225675048886,1.900601415579481,2.611335314549361,13.073200104143503,1.6652574141500143,2.6495379721027033,13.269087563908908
1.05,1.770500850143609,2.739585989887308,13.637751251643525,2.000630919121406,2.8206126349387035,13.742969963468711,1.7049500160168947,2.9199772004449587,13.79959849768808,1.6635277484773865,2.939553550726346,13.748760899732558,1.9910411648182695,2.894098214385814,13.540409543787268,1.8931698404007191,3.0437821521563384,13.459637168870822,1.7501274848749313,2.7302753793432926,13.64979293643724,1.6502355059605973,2.861902844453679,13.556010534201043,1.9433161978485276,2.9721218662281896,13.440882212466803,1.7464219558084377,2.8976059799436245,13.443373347718754
1.1,1.969528038466216,2.884954133269919,14.004340251619722,1.7774837889414035,2.969565421822705,14.11625497454075,1.8602780975090316,3.2134820294410718,13.968027090809356,1.9934812532160702,2.8501119570373517,14.320151054392186,1.9137016170404992,3.00230165160751,14.309689011099794,2.0912813572965274,3.0677404456620985,14.245424805818885,2.110322164090291,3.072665154197867,14.057867572970475,1.9153808933131193,3.0625211637065246,14.101582105596137,2.0712954601772955,2.866761378016784,13.973658352632835,1.8476736505954312,3.178969861828903,14.121414100993062
1.1500000000000001,1.9888759072692062,3.1747353314592344,14.675092277944962,2.0708706005180404,3.3446194030364023,14.66422066395831,1.838335950415017,3.0428412805541045,14.786993401164539,1.9029997142958706,3.3351490106150217,14.804871181842255,2.2016853211789176,3.0878942925158097,14.568545942736966,2.1740917687951957,3.232763107709375,14.827691445484959,1.8131504097485485,3.0911241376526837,14.523534469106687,2.110554994805447,3.333686835751193,14.764226396459897,1.8897650958285825,3.2326581249962834,14.547118874712906,2.0089072544624003,3.341998418808444,14.663856165054867
1.2000000000000002,2.1548553055414144,3.123352095644998,15.187772883464087,2.249306792860731,3.099122665979253,15.04995862120604,1.9538971458964784,3.4426055537673053,15.031727726286778,2.2043595170705443,3.3629710437363185,15.149872408089102,2.0570927407219135,3.1787668506204048,15.095270325446883,2.2141597899819234,3.2186581359311464,15.343504076922741,2.1850651516449946,3.462394113045201,15.171309501684988,2.2083903745590083,3.3344053561859317,14.986772468234713,2.089836627894252,3.441705501120616,15.212866728937831,1.9333477168800317,3.288705084643218,15.16648500324843
1.25,2.324500750575626,3.5294945804902187,15.72112747786722,2.0713751342893563,3.5811609722609874,15.769798428204034,2.3081050651397392,3.2618207774132024,15.721365224547192,2.0378130038141955,3.2635973605619726,15.795869711091175,2.328830206990042,3.347208963778613,15.811357403155329,2.302613370635137,3.380532461285818,15.717483185529897,2.2031778099346147,3.3655443087029284,15.501324494630978,1.9957583133949912,3.421664338354468,15.609893315464081,2.309270155987904,3.6038184478918223,15.76879381034463,2.078190625122306,3.3596666048375483,15.679105264310738
1.3,2.4733874867626935,3.4912793865213665,16.192745312516895,2.329100310929526,3.447870467519429,16.253209793627743,2.4333669570401693,3.529401179581447,16.232751157393093,2.2517091465247754,3.384199581462432,16.141532158376325,2.448769422283047,3.4791907095012613,15.981987476835654,2.1570177811556683,3.6077836637531715,16.337275226460477,2.147683636839144,3.70220676322739,16.048246956468837,2.279367756584807,3.567790819336232,16.095409386749186,2.325133723721211,3.48945724325566,16.14547698276696,2.3690181849582324,3.4087014819889987,16.089795980399423
1.35,2.266961093694306,3.5539891350368507,16.50101724078063,2.292812673063988,3.892602467711398,16.585653708417126,2.336887627214559,3.5220607299345996,16.766513559224407,2.217475758772209,3.6553097333181293,16.495206294861774,2.429659974989473,3.56116675909227,16.653700326294523,2.417801161381519,3.630525515994753,16.50099624088679,2.4962230438859456,3.877415600136121,16.660962453359176,2.4886464865303073,3.599324774230961,16.725486778388504,2.2031627572560737,3.7418216350516,16.670495129457098,2.33780258613606,3.595860093400356,16.459764522055963
1.4000000000000001,2.3431740344373875,3.847583678327558,17.25482006570425,2.4749921359161213,3.8651491636976276,16.910536870351137,2.277146432211067,3.672990341042447,17.188998170493875,2.3304293529137623,4.0296343540427655,17.173847217040866,2.4088196607688728,3.782285076241858,17.238461611913124,2.2536557144783416,3.931060179799991,17.03496310964126,2.6393242145171554,3.7966490801167425,16.99528867371074,2.495110912052765,3.706800830551604,17.203944601829935,2.545884932509904,3.829320788875707,17.115085975015145,2.5018411366159388,3.8651217752738996,16.924192086805302
1.4500000000000002,2.677794754260365,3.887285000859812,17.68185383232908,2.468435491962259,3.897507910436887,17.522756612727072,2.6162060313814983,3.9061815047767823,17.489519083516573,2.654219380357754,3.807598824669187,17.613786775715756,2.3936947532482837,4.038016184199284,17.60030956380031,2.4259073812025482,3.855258051392127,17.34175893628508,2.3671318652829694,3.8271175804732245,17.489751929977597,2.6447924565326835,4.12256226277399,17.67234634410329,2.337738984393087,3.996264765409418,17.727453760435168,2.528300904996997,3.9921594222965497,17.691007966219747
1.5,2.7704553625147237,4.193806238916251,17.9951253528485,2.6662958094617006,4.042716962828868,18.046983345369416,2.4844341035523057,4.204664463416115,18.005826970542564,2.521849918712252,4.01602217144975,17.962412633212224,2.4718396317591322,4.300448003329818,17.799769355080226,2.546716021962827,4.1935273948534775,18.110397728021205,2.4262950873201388,3.91867275121652,18.179289204430034,2.4647019748708443,4.101318401716979,17.994272318687187,2.4994768932120452,4.005380341061684,17.897336125823355,2.7558861217660464,4.149203195476711,18.01547095364247
1.55,2.687276331003122,4.3603961895024765,18.60277337699448,2.8586975635048097,4.389065131862057,18.381180370552965,2.6960381309430654,4.175435504516379,18.30710633112912,2.854517857172619,4.265758926176421,18.514454598200068,2.677732160323203,4.443673983050422,18.44213647656144,2.778237589421855,4.377154736800834,18.496988620428677,2.7902171614068965,4.302929813431346,18.431479200996534,2.740109251478433,4.198951171324503,18.46000213601553,2.5666030520727263,4.339912197169324,18.588385211673305,2.5426321340947697,4.446455559079489,18.400550805586168
1.6,2.7972874715099083,4.197318240698504,18.748601903782696,2.8118260559939974,4.455291495037694,18.729295494094973,2.9282639449748133,4.564787221575582,18.69939170260857,2.717681545667248,4.472506030522794,18.65536596098199,2.7018001864698764,4.408801231697684,18.760728750234605,2.9923108377241894,4.395303098202325,18.845970820870818,2.6039669300603965,4.357029735176347,19.022541107375595,2.8020002359528426,4.459424943809559,18.647848059914228,2.9952284739226664,4.363374434780846,18.80585145190203,2.6683183292190726,4.568075333656936,18.98329098613806
1.6500000000000001,2.946149206715353,4.423639980930816,19.319157027389682,2.6890888015602066,4.348553641632715,19.144707584413624,3.0323927060309828,4.333015846544719,19.088657776779833,2.8169331870729617,4.627107069416331,19.273313961050757,2.9356799147089077,4.459492271606979,19.057225715154054,3.0174548758927093,4.576339568937625,19.152135849785388,2.811864820514883,4.479288645717672,19.05816063767433,2.9734196442222793,4.408154197902554,19.179540234511734,2.7333439268836877,4.415291282835748,19.10777391035773,2.873009524629451,4.6962602660035895,19.275537406174326
1.7000000000000002,2.8825040104917132,4.55645559469926,19.529340376331074,3.111788287573765,4.7584684008967475,19.685853040494255,3.129945964736924,4.794046147232239,19.705213154069135,2.852641226032506,4.466670454380947,19.44088640390809,3.1468825832165455,4.6891840022940965,19.708400044331437,3.03811456474786,4.66529952613934,19.47532092265986,3.075443626663473,4.507324894395884,19.576099258682966,2.781682545005525,4.78218276977119,19.751428320684244,2.8819046967818704,4.746233081299614,19.502549964957414,2.836292826911106,4.689267455983844,19.62359210287513
1.75,3.080248349583838,4.701548609728328,20.05949856834258,3.180420960981004,4.756513676625566,20.00619244170221,2.879507686487384,4.7229533895683415,19.881462667332087,2.9405775099691067,4.9769449323556865,20.10965733229447,3.2514936600787525,4.796130171303558,20.009063734732447,3.1351350293260487,4.728758168766804,19.878248564619994,3.1347199885641954,4.899574298175208,20.11143563087951,3.0300984853519104,4.975255346683726,19.906183176928927,2.952416249260551,4.650792505947245,19.88062350142182,3.2433739388160516,4.9836667972768876,19.907657130303903
1.8,3.2130197202919497,4.961016972979031,20.58137423057401,2.9550662855842287,4.743527797512354,20.379645895655827,2.9786882468767106,5.086784379125526,20.23363591057636,3.1914763245377307,4.748504367683947,20.314437295380703,3.3366924584324047,4.776789453676979,20.553132710961258,3.0812462627736066,5.062292137986359,20.292827007994216,3.0728093325533936,4.7532158608347554,20.422965224179308,3.2582188616989134,4.73713544814564,20.580581669701214,3.1665460551759943,4.7452270715967515,20.500824346093314,2.9527172339540715,5.061363187970493,20.224612717370697
1.85,3.4117305072336155,4.996348071807303,20.60831709198569,3.406827621719503,5.016129557911144,20.721489246513066,3.1816239588489617,5.1535256515378745,20.719444249907642,3.3050484189449825,5.0560430421662925,20.726317897751617,3.3941456100391205,5.119390119257057,20.68859020180832,3.0481211941419897,4.997904449217407,20.65117587242836,3.219956072008748,5.033981135935333,20.70392698822237,3.176571683939446,5.234414792960949,20.88564826632047,3.128512902601786,4.944636126226153,20.949961466799813,3.1053474291065837,5.1063936990848555,20.9549041658633
1.9000000000000001,3.437481150733448,5.12385150339078,21.060362698635082,3.4003278651401305,5.149657813402842,21.168937991407134,3.1554459816777825,5.012888592270438,21.17165719715982,3.173202735310963,5.257710063208488,20.946362416137312,3.4630081249160494,5.1853865880561525,21.271067724778558,3.4837657561391664,5.2832950119150635,21.24465447792567,3.2009058338489393,5.185842783395673,21.300869352163232,3.375422015532642,5.241280584241179,21.162197858994908,3.2390863445815423,5.120035690522338,21.122181164855544,3.233212484643811,5.088438245656831,20.9857010091528
1.9500000000000002,3.4964114779016726,5.203861999296106,21.529572065868425,3.3458028621536435,5.200156949095059,21.35115445378784,3.2202631574635125,5.148880206674136,21.637868912761267,3.450278342042962,5.16137635766222,21.454994129159505,3.37761082622258,5.2649300096684,21.311128782725458,3.5221078510718766,5.243074993777992,21.37247410043651,3.23509471636245,5.3207214136040015,21.65057311723351,3.320566158956328,5.263075430249322,21.338457128971946,3.411544813741937,5.47331212241243,21.497343269152946,3.526874439953547,5.513391873455857,21.363300449398462
2.,3.4263876651001977,5.523387006024069,21.850534964365632,3.4499461983338,5.507212260473971,21.682493366959207,3.6141351353307662,5.653867339290604,21.936897711205454,3.398926951272722,5.584122826251929,21.624553121818998,3.4689847062456747,5.484238728926008,21.94328526046621,3.5144954543710094,5.614915694072205,21.83141125620663,3.5960773403724553,5.486858507328629,21.949410433811163,3.572323429032395,5.289320096929786,21.850247060848517,3.3837437358482116,5.304921694941404,21.74862523686194,3.5468317349996807,5.461673495040345,21.998360841723002
2.0500000000000003,3.447144649695262,5.437898845463617,22.282371617845055,3.43219925513908,5.453900185243852,22.020952991768556,3.517667258534245,5.4536060526599295,22.215707042456998,3.770049633957837,5.529462169655258,22.109377379791756,3.739341258504875,5.450112654803611,22.121842520795465,3.5434024613614232,5.771591803286775,21.939541695645158,3.440858449734944,5.672659075540988,22.25912444316973,3.529701933759682,5.810204885506375,22.30449548120074,3.4507479890830055,5.4702320229828185,21.968636748255033,3.5690939958009453,5.518462123440671,22.024952834463036
2.1,3.7457571767610327,5.6546809586347,22.333441830522847,3.619967573722124,5.746834237880509,22.550900781342648,3.709814772904699,5.842616520626754,22.584571916908917,3.7138604560962873,5.685578475611961,22.623895786667195,3.605919421184244,5.935876580952234,22.251263459416624,3.5365467726171937,5.9322655551073575,22.630634702154314,3.4985263709800805,5.850271684828016,22.589108884298234,3.808562233727235,5.909575749764038,22.37903546224592,3.707691951936744,5.884812082469251,22.36003257562503,3.7505169251985717,5.620964042443221,22.327111954989764
2.15,3.7078196600727367,6.009585761813217,22.711652909105172,3.736113882162147,5.730928660984129,22.79150161898961,3.8099561098720383,5.940649310674553,22.675650332008807,3.7248988761303257,5.9194751283723805,22.732239668473383,3.9155883776101383,5.954332073801737,22.705034253378827,3.9511136314226722,5.850657868773486,22.595583667559772,3.9213662648982357,6.00171741888426,22.754403344230468,3.6930522420359333,5.757849049562796,22.77577127993293,3.746106956817551,6.073505292056082,22.824850906964198,3.7957865731728813,5.9468819271397875,22.75212121598284
2.2,3.7044257271155434,5.992944003293995,23.05156458741473,3.7068387642765455,5.996773270297265,22.841417574474228,3.8798340860030107,5.891399514492449,23.082572209205676,3.839454155843171,6.038784634362018,23.103738600504844,3.893887505154337,6.069486156350977,22.983547854135676,3.823774711699992,6.174741917938584,22.85585140342773,3.913855836906131,5.8300098070793185,23.217640269485184,4.0476263158996595,5.864172559684773,23.188994360457393,4.030033341122418,6.067392079865019,22.92128525672461,3.81110625017625,6.079229960046922,23.149376764240966
2.25,4.002501368626401,6.024730940104683,23.222958084270942,3.8576651185955826,6.162639830829942,23.20496879847757,4.1156403665738885,6.1701395681143,23.46661996154211,3.903206458519522,6.283290628852284,23.298057923580185,3.840365913859846,6.3319262903535884,23.32553764958329,3.9728394894966272,6.295824759614364,23.2186254155305,3.789900342788794,6.132006707980643,23.352722451466583,3.7562529407932024,6.277569275927038,23.175832840393326,4.059882467859542,6.287946233745839,23.22170114331205,3.8417191120386005,6.363654220534409,23.239053235909154
2.3000000000000003,4.013544797570123,6.221849047915603,23.58407183660234,4.158789828376716,6.445390990881735,23.45615284531632,4.0487691612888534,6.347509082611577,23.61588990495764,4.063216401178703,6.470776622633438,23.524725112077324,4.045744988636616,6.11137083466522,23.678081328542035,4.18687373525045,6.353193461311328,23.767033565552083,3.96602839949654,6.49756383278416,23.755891451355016,3.8422818465542377,6.107983335977952,23.454498318384083,4.064783294202298,6.119617686008114,23.462207808507216,3.9448805890292,6.38361864093974,23.55939705125005
2.35,4.084682928673127,6.297765214186095,24.013909352602926,4.10447236129401,6.373832340757058,24.021550405785657,4.104322001753351,6.397901026978936,23.70298741171848,4.009431631035973,6.559233230263873,23.714397678099726,4.285301923978918,6.403437803732422,23.688255506296564,4.15856024577583,6.275706963877317,23.77088029579138,4.015508106847979,6.4845658978259095,23.93588843257898,4.1329503583682445,6.330948969136689,23.694349399470067,4.018510363959326,6.377331750566582,23.699572163689066,4.0645943800494875,6.281292032276646,23.835072392018763
2.4000000000000004,4.0580228661721165,6.749694170054895,23.87825887160462,4.397243882477206,6.608960250296047,23.881627934184845,4.302983074801256,6.486153468851825,24.18202953709752,4.2764855546783425,6.703292776845903,24.06797993482138,4.0435283214696875,6.522517045664689,23.937357048423543,4.112413783540661,6.723102040121921,24.11502478473383,4.393357034005992,6.727489049029998,23.917653810232757,4.097301315505645,6.53807115425864,24.141768717554754,4.046997987201978,6.7073492590764445,24.06991343183477,4.142585064141431,6.666899959604106,24.128551503084697
2.45,4.457330683049672,6.594236795914345,24.299294044579106,4.2929914682901185,6.605382263627537,24.39686780000317,4.377919546631685,6.707693959662486,24.2540369879006,4.354553461174434,6.517766990056231,24.442232563844122,4.105149250521,6.628856876345901,24.425146604630616,4.309006670305543,6.8991641242764095,24.15428612691285,4.193826981603095,6.759360187263864,24.293960813396662,4.261748920442706,6.855080643879733,24.129387815379744,4.191486067548219,6.739667658277773,24.353816403510464,4.132932493107791,6.697587101578507,24.394097648030446
2.5,4.408914364906179,6.662728152446128,24.69487779048245,4.222798750674696,6.960381138199054,24.64274183965703,4.540066536987943,6.6568964441361755,24.528291315092098,4.184758468145155,6.888141332918973,24.530975490146695,4.3864334750163465,6.986065506640102,24.531915939363095,4.177273069021157,6.955793934433069,24.425079365570394,4.439312963219824,6.970725912497766,24.476376475988026,4.431458935123795,6.924310849668994,24.67829429967571,4.236541973531608,6.989510813924611,24.694641945676494,4.493277899286149,6.964949227592123,24.617607375415368
2.5500000000000003,4.444998518047983,6.95373295648875,24.59371554934094,4.315817220763733,6.79161068706022,24.581462359232738,4.662344505856284,7.071982661717961,24.780650517838453,4.435401321029045,7.076805979695282,24.9265057237354,4.328364522867451,7.031969881085654,24.700972244283832,4.55343807484367,7.177699427151277,24.771072585876563,4.602947041216304,6.973680131244807,24.56169660322808,4.560467373549454,7.158417963903046,24.655062825409495,4.465119848678961,7.1492391161618505,24.76495177479092,4.364048954834737,6.885234042615363,24.552246781483042
2.6,4.5746799731632315,6.981335771069382,25.028854653304947,4.698554062530117,6.974511404039477,25.004525505475616,4.565778546627438,7.291498621754341,24.949688248799376,4.634262199710713,7.241261546533321,24.898567819366956,4.373116319748551,7.16945749392365,25.110489430111574,4.597510644119237,6.9675799877858795,25.113170330323175,4.651207804283515,7.0391695479951535,25.07037969997287,4.659525747460064,7.013480070401784,24.763478610700318,4.6962934173210105,7.323354879342614,24.918902565441364,4.6233880525585445,7.136863453762549,25.013179382780624
2.6500000000000004,4.70233913221132,7.299964068311988,24.9776709890976,4.451529983581903,7.152869054934533,25.09862691544382,4.745235384771613,7.165623613501438,25.20739199039037,4.6541453541734805,7.452052262275548,25.244833524425598,4.693097942045698,7.385462571887247,25.02602418631205,4.799360459580139,7.4146836970549135,25.058941011420693,4.520424463553803,7.413833586399848,25.103993872744503,4.692667426460443,7.460050741823464,25.049202718800366,4.5819416111748,7.315101800720693,25.147456127336163,4.648540968903949,7.205289516377777,25.30999113213125
2.7,4.750212843640306,7.534713291655429,25.509881727332797,4.6822936489716325,7.415096122877548,25.262781875033088,4.72221208489528,7.587137920159365,25.27344202972304,4.796122100124332,7.487697016059123,25.463405395863475,4.80368846560036,7.401858844174908,25.511100723390154,4.553555351294535,7.467127557184203,25.278784014751302,4.855698901456011,7.47605649675589,25.398340741086482,4.8716722922462665,7.553797631142626,25.14070248100436,4.660980294097087,7.512930033962488,25.36773306428095,4.623448412590376,7.330998499113085,25.479625603057407
2.75,4.857885098378174,7.565680529599153,25.515361455761248,4.878873849061775,7.624095858083308,25.390499323085308,4.835642182883692,7.599523362226593,25.344734822915363,4.742194181988725,7.618477503242753,25.396954510882594,5.001121381009568,7.462633970608875,25.48195332428572,4.800297114061017,7.402747950246434,25.593870959795368,4.842327560733079,7.337503266934392,25.40458442016613,4.839363069465703,7.342995018362861,25.43306898977857,5.003936698836144,7.688651267013366,25.46463824983776,4.6145174973301994,7.6957332531503235,25.552020023330154
2.8000000000000003,4.921601611597345,7.675264502658415,25.8454499121724,4.919183768685542,7.555407704652761,25.557127256324065,5.084149249409732,7.5017883301620225,25.79421125427297,5.097117131071708,7.60691497206547,25.62847904522274,4.7671590656553535,7.507392027845891,25.50170191012334,5.015174507553528,7.5450307931409135,25.492225239529127,4.883083770560493,7.851085737529449,25.60276553920166,4.7545484125234205,7.8327036282604166,25.839800840785134,4.898216451106121,7.724243218215431,25.703526323516915,4.966735491936541,7.714023951555305,25.578406343621147
2.85,5.014682564212848,7.6579090332265265,25.75338098885568,5.16391449138634,7.714382209861068,25.839429423184097,5.118059881513226,7.624219511509835,25.954386104761895,5.182207422452937,7.662608977609119,25.707343177821457,4.950283371461548,7.871820068032711,25.884225425957634,4.839266617156764,8.003235527917132,25.94428589668477,4.927432174985307,7.754959247795537,25.819441180229745,4.974255949047456,7.7647682241593365,25.81290369665704,5.057151031108898,7.681738374234133,25.657206057081808,5.047117051663215,7.808896465739142,25.64205380409932
2.9000000000000004,5.258274913100255,7.96022856445527,25.748895422983605,4.957825158656951,7.958270349840108,25.925161927056873,5.257166989503194,7.999585993673525,25.954838471042606,4.9362432965248955,7.7891712572364025,25.79446579386689,5.013414521986309,8.081958423765894,25.886977674049508,4.876367379659005,8.02162755041892,25.85512795063725,5.000687190446359,8.037799179902809,25.926920588958154,5.253963920547432,7.820017322472039,25.973715033023034,5.106780642810062,7.998077621353979,25.964119853292342,5.119788168811059,7.875710572223058,26.069874484087627
2.95,5.049178278095322,7.972992778358011,26.06826619992521,4.981891324221614,7.967001998189547,26.180411463095083,5.035170382823718,7.904296752913534,25.872868440227045,4.983022244039176,8.268622610540506,26.16181866760178,5.1627133988818406,8.189932186531088,26.07873039425627,5.294659281684637,8.14740889126481,26.254192070389536,5.1147601337810995,8.271291935359985,26.244026343315,5.026247744447235,8.224593760782657,26.125958419244093,5.056049493680151,7.910151426710543,25.952963676024634,4.981937823534839,8.015328431970905,25.9742585612386
3.,5.291389551869562,8.404081160036338,26.15674507584276,5.2749659086987,8.112865452698042,26.193944413961937,5.1187029350548805,8.081199756871813,26.124305901466954,5.33143598635713,8.116643969872472,26.10580563150886,5.441903960511251,8.317106091300973,26.20887356073066,5.227436228298824,8.280326678760904,26.262382304417415,5.428700553902998,8.084325253389604,26.132441730630486,5.310268964666356,8.161101610354452,26.1386846487774,5.278159523180645,8.256801637265887,26.280133472530164,5.1723055767747725,8.302218305333142,26.150214787508723
3.0500000000000003,5.453664203459736,8.487952999723927,26.09438983388669,5.38527678960006,8.469206186146858,26.306107423126402,5.1473621493048105,8.427064692687079,26.214903698592273,5.207310601779374,8.500771070156079,26.180144357063824,5.503116285444321,8.388777207492783,26.22622396709631,5.537345586083232,8.49791363648387,26.426475329249385,5.513920613164614,8.198577812414854,26.301088022135133,5.508122915983737,8.272691092229538,26.360371098934138,5.304151266096222,8.541145858035323,26.332153691456195,5.445170396208804,8.308609787388065,26.34602669044871
3.1,5.304836214369494,8.451162010184426,26.279371178291214,5.52600032433557,8.57519276364264,26.441155867794667,5.2918358463005255,8.634754343667085,26.399284808515993,5.333573839575921,8.644610397766792,26.435305317814922,5.570913238774611,8.467721987633198,26.459494814151462,5.415046440466947,8.629117716159449,26.523034559484465,5.32694608190798,8.548494887519196,26.475917041889154,5.508814928384938,8.371229422177533,26.519993855245872,5.587565313090998,8.601451445548976,26.31606760338351,5.536051992445327,8.445252744823536,26.425993605190605
3.1500000000000004,5.6231609680784205,8.669880415778525,26.26254415795654,5.414582963681042,8.781424256880467,26.337336151058366,5.436891053169707,8.557910436322176,26.341318263087274,5.696305838097352,8.44752476644593,26.26357282050505,5.315986404092261,8.808515068249399,26.46742773185489,5.617779645011895,8.751114192339688,26.3459108957588,5.596150731081029,8.498461723775286,26.297438950032117,5.6527781586258,8.51829257170422,26.285597242975093,5.471550861101691,8.650927138633708,26.279710213366585,5.683589564753224,8.825969227618138,26.265234440327163
3.2,5.6587517440842126,8.76755389999634,26.373628101970194,5.5319746362381315,8.927087807721914,26.632848706418407,5.54079953858396,8.892394240322412,26.616537218733818,5.732632658849484,8.65012591049529,26.57410963869133,5.598204947769114,8.656428733089209,26.625491068469074,5.614288882708882,8.798153190939312,26.392248008107185,5.494723996531423,8.940567533312194,26.59071276119354,5.637902751423107,8.96482347886599,26.473813419100523,5.74847549956915,8.870602812768338,26.38474208285836,5.638651951440486,8.756561824048864,26.490809633920804
3.25,5.761464079307037,8.917476288516704,26.71241865323961,5.524751602052024,8.713922463912311,26.655926876367033,5.518087765213834,8.719246999331814,26.710339957836005,5.601704614624356,8.821228150737394,26.716385659176638,5.82438385875082,8.896905008015478,26.778725934653096,5.571063678664743,9.038743783249467,26.616355327662017,5.789317606367861,8.820148012791877,26.72760362975021,5.822750572877506,9.048227357861045,26.612256432411098,5.811324050671813,9.044645504885118,26.595188023815513,5.764921915358575,8.715175205958987,26.660922681178562
3.3000000000000003,5.868187067603694,9.156459153269557,26.512780266337707,5.938364945112787,8.933713571517178,26.46560025194596,5.824185196042531,9.046424173599192,26.6820597169072,5.8778159749049665,9.154766731982205,26.602084339711755,5.881877354838183,9.19930282839505,26.69083698695064,5.7908142904327224,9.197010949942,26.522597924881282,5.687973429278775,9.064900792244895,26.64671316025456,5.8618891504375625,9.19512343377091,26.550709869673067,5.901049647643487,9.156614247186198,26.706524268598162,5.860498543022639,9.029128194718101,26.444685096168
3.35,5.936001334368705,9.07077281496237,26.545617103558502,5.669345481570463,9.302303087894408,26.641158126941594,5.918946348593337,9.283167937867498,26.819696906710757,5.960376548538923,9.138365150952882,26.78183385089087,6.042360709633147,9.070300992734197,26.87015274670956,6.054968852316957,9.34228066938834,26.59249740339302,5.957980198233021,9.349269100740164,26.645138422682884,5.733823520289995,9.343846273524546,26.833772862551783,5.96824006786056,9.09749308806361,26.618391690788084,5.800137302744255,9.102000184734553,26.59812686336241
3.4000000000000004,5.855665424875446,9.134184213621781,26.83664576589267,5.964036506892859,9.118097187805136,26.69587716301257,5.801101802216963,9.286163638702151,26.723992448749247,5.753210075229176,9.350194576274733,26.75531055997859,5.845583382206253,9.120023697414611,26.793238129420075,5.887684147274469,9.125452025859195,26.697052203986484,5.889923110660872,9.26876595084874,26.82399714864795,6.0790854221589745,9.370270886746571,26.579480842995007,6.07554572542666,9.321082956215317,26.698032430165878,6.0612679824840985,9.412106472638843,26.764377164173062
3.45,6.166082154912756,9.334569637490654,26.606513984712507,5.990784086621835,9.58154651757948,26.609147376684252,6.177390778527536,9.372001594064383,26.830149825859564,6.067638913308277,9.362130300768921,26.733694353817697,6.124765115432899,9.408274638808278,26.87617152407221,5.862363430624514,9.465482312082921,26.797429405060896,6.01455822205634,9.514856495305917,26.809827193792344,6.004377098260447,9.280985177667933,26.655345949313308,6.0824768307211965,9.27478510907847,26.779545199377726,6.0481117244295,9.292238080478,26.698655979640737
3.5,6.276299305570811,9.713859514828592,26.645915655402682,6.136546531656082,9.528752357451328,26.86992879066469,6.1535250347961785,9.498518980966562,26.68812013866995,5.997770147963664,9.75352519512468,26.6564407291594,6.151555977182802,9.649162216009172,26.86579397145801,6.023804291167864,9.623276722528123,26.58887347348149,6.027750237260931,9.660169232173907,26.76650312394649,6.193029870191312,9.542088394772565,26.889192785759548,5.931637409518516,9.765730869005441,26.796912796061502,6.316377890815067,9.679351492701988,26.716336745526835
3.5500000000000003,6.141943220720281,9.887750640354575,26.85080682705116,6.386320749609295,9.666168206725144,26.894760886709673,6.368755828092783,9.549548200000796,26.611538899270496,6.084337781168057,9.786532551760587,26.916335878674374,6.315688825479981,9.56575453860248,26.90463824690658,6.076560813912537,9.758860646904997,26.91427492800062,6.348595251909365,9.906751155620224,26.881370352213665,6.348574250553967,9.665174073062737,26.706152201712616,6.125713274230513,9.560350289970938,26.895859051007506,6.339790320634576,9.543805329353434,26.58847682823054
3.6,6.404111755163541,9.931552620714157,26.84460725293275,6.451767636464571,10.02976242584037,26.796704104418964,6.191821877077894,9.851694810194136,26.61410840104616,6.435939318977366,9.6676324532466,26.85170959732166,6.368773522550795,9.869246329781314,26.867239711976865,6.35866884529666,9.945566813379902,26.574359154091884,6.264639951393318,9.986946152672962,26.771825197257815,6.115572678772631,9.786185485655139,26.87748696600349,6.1931585614331155,9.961314382461943,26.836725816034576,6.33044770728205,9.89094489396767,26.660387124601254
3.6500000000000004,6.278721549307137,10.095107722702426,26.60552413664756,6.479431981343595,9.961981649703256,26.738027988014323,6.471163746697952,9.971895790089029,26.784175361323086,6.522683238550041,10.116689390771507,26.834221259657077,6.400355447579606,10.05740797121712,26.75333439294546,6.521419423785759,9.86575603232048,26.693540472837267,6.346464778501339,9.988033347580712,26.861545378445612,6.4421036723649685,9.876278721720645,26.49765485769728,6.493697419457141,10.156906611420903,26.65832285953424,6.341736218629426,10.12973858634939,26.61209116527862
3.7,6.355009392253122,10.26337128651074,26.65802446989293,6.5599679551315475,10.11131029701242,26.528333524928833,6.6558622379033485,10.176501667395218,26.80053799793748,6.2974889518769555,9.965953432290688,26.67319408688568,6.526897435720121,10.159689535871415,26.75806447649119,6.5401569699063495,10.312710871535069,26.797381693574327,6.3662347374564625,10.117298893689677,26.4526378357118,6.592048285310875,10.129484290486566,26.472448971228445,6.47210910716165,10.02340921956346,26.564945765273485,6.6079830375367425,10.099961943139789,26.784243898550944
3.75,6.436130662104828,10.30677953760577,26.490734797211488,6.627172909371868,10.328047076790561,26.53400088822796,6.625397582086065,10.173157725749679,26.539193063115704,6.60803226949928,10.468030955165585,26.51772578167073,6.368017399349777,10.309386145165883,26.558919065058284,6.632268402183357,10.08619564853198,26.775672679298257,6.735558422440971,10.192575479532868,26.65803922296271,6.574666861073119,10.091150439201366,26.479912016134048,6.416320522443267,10.173765726048847,26.766000256789614,6.743920998359561,10.28144366596554,26.55815474335611
3.8000000000000003,6.803286196333187,10.388720051588047,26.645927356550388,6.839973191148877,10.335692277127526,26.738927626796507,6.60490919520914,10.213997992832843,26.733275495922424,6.783928610189808,10.453632534474403,26.594648947673424,6.783661661950229,10.22725476330073,26.4478504041864,6.65175571212119,10.296696313711012,26.73157685051941,6.75065937705207,10.262452437396513,26.7380115022212,6.72976116622905,10.584909493582211,26.607080676983152,6.695818920351097,10.490769691129657,26.70781073452912,6.453077827855938,10.489180488077864,26.67389180924359
3.85,6.931127378761494,10.649256506955751,26.55017503865307,6.933666745658074,10.614632853284403,26.439628457535424,6.638129888057551,10.565978877087918,26.549039081383086,6.672709256460105,10.439140636593576,26.564164339394644,6.551499258521311,10.462664196757961,26.46133648617407,6.680423900594505,10.438393136370223,26.28256817844032,6.574977739666812,10.534321424848155,26.427445846370535,6.5989134897029045,10.397212011752544,26.483988918110086,6.852437184219529,10.740490524341599,26.648063721100314,6.922645422159363,10.647324840937966,26.673519644388413
3.9000000000000004,6.9043681418961285,10.765599012045865,26.32472448340589,6.760716152019095,10.776470678868058,26.552509152535507,6.80779756551963,10.82991942682475,26.44594459082361,6.649261692577361,10.52953154726771,26.413306821413347,7.004478082488646,10.528157194970795,26.592682414316947,6.642424207509029,10.71192374125653,26.517453868507392,6.645433575206826,10.505568510061366,26.40534632934359,6.8470897394348285,10.631209108539617,26.339856937921475,6.779639399839723,10.770470044382321,26.289136950408388,7.00235651629111,10.87801375089871,26.234187695932484
3.95,6.914935797175588,10.82869938522418,26.129179039982386,7.000528548262716,10.696912251477821,26.38832420941892,6.735932497410601,10.887621290883892,26.214610871992,6.9918890750517955,10.95948843518734,26.276258285726914,6.869982629445085,10.806170044755325,26.236829173821206,7.034698590522096,10.894261325292955,26.212878267815224,6.99031730016946,10.917720057383923,26.324515940986,6.742858201243827,10.866234186291248,26.25870975940536,7.111063205870022,10.681505397638489,26.391104038885306,6.937231291233266,10.625739457602593,26.213020228527014
4.,7.110189851531777,11.100792763368714,26.250276355086463,6.8908570865974195,11.03713863738158,26.29679962326739,7.17628518727415,10.772892677760858,26.349138368387205,6.98848199810255,10.919052829730923,26.10886619546227,6.945906316349474,10.893620488682238,26.379408703082646,7.199059458207187,10.990511170611281,26.297716107198085,6.883722621054115,10.804088955724787,26.261055379278805,7.176111982289137,10.916887376511704,26.151628911341803,6.807533117084725,10.940047995040242,26.339155663075182,6.927188720137482,10.764970762927527,26.210992823026245
4.05,7.198287988815043,11.200075070636718,26.081378971893464,7.161710517004206,11.123781308605597,26.00069151241769,6.894545739158213,11.150287151250943,25.995165859204814,7.280763791967835,11.126674034029525,26.280664464007376,7.25574546536106,11.17844030547005,26.257892620288548,7.076657037313372,11.081889364040453,26.00533147883588,7.1202432329546,11.185115423004076,26.2248092333902,6.892406984882771,11.116620859836175,25.958711508429744,7.255861119421596,11.029068238570037,25.908016444681746,7.2282282644440325,10.937215947064123,25.9620181853295
4.1000000000000005,7.036816105377406,11.121174132573138,25.90860069436312,7.224144388209826,11.108968020662344,25.871848553618598,7.307629692618575,11.333991114324952,26.117508800704424,7.146754225833921,11.294001084540753,26.060121491709122,7.24667039574835,11.316634209485967,25.821014251846623,7.068306183491399,11.297114596273552,25.959051327571093,7.139070688770684,11.391162436341325,25.818186691415246,7.188104482177695,11.042305434506417,25.950286494810054,7.056853733696439,11.329127563640075,25.88247453220229,7.244760094058163,11.124422511953018,26.03500053172485
4.15,7.22614227888685,11.290642006778377,25.952190664987754,7.2227575848881544,11.53460088184442,25.87123173853958,7.394308427967593,11.420688427871225,25.990496793328447,7.375626721678794,11.217294833021402,25.69511399360769,7.154097136461012,11.296345281722061,25.883396703386367,7.24608581630269,11.386191179250606,25.919506327661065,7.460005731644195,11.543821770326835,25.991405718525737,7.268197929209666,11.283680860229994,25.845104546517536,7.406464280272516,11.286591237644277,25.77624841653251,7.389259814967566,11.281855633149966,25.862923238138627
4.2,7.437208379691074,11.460214108010668,25.818752007442708,7.163873457148124,11.389868289179185,25.722013655620977,7.15911126008935,11.354111564691856,25.880180429058417,7.297316669531721,11.638065627697962,25.71427762322513,7.30774947797335,11.459579491224671,25.74951752008287,7.48280584390182,11.356530237371457,25.519548175933963,7.224126774422522,11.43281216227995,25.800748464767572,7.477182610775276,11.323742607729884,25.720189565721846,7.535953975293005,11.334400019287843,25.875998478835964,7.351045527144092,11.372815842476136,25.745018650033963
4.25,7.364466983964791,11.526741029972646,25.678636185568443,7.619530448166097,11.791370512149442,25.343059299945576,7.440055729922899,11.451204429363116,25.350589632538306,7.588888954453785,11.81394650902609,25.62317260870819,7.4359027128915,11.52966240190319,25.377833818190766,7.3826304100506235,11.651691065045958,25.650315569653763,7.515206497470842,11.598079523134496,25.518387864420667,7.286405568625029,11.59124670437903,25.38698589993759,7.569710399750155,11.714685826857727,25.359626247368478,7.341568770998974,11.704715556468178,25.424486571493606
4.3,7.552995761655362,11.823923400661785,25.331602470578318,7.490421364572425,11.691856348122494,25.31341432521122,7.368015168189405,11.833239718885807,25.29841722069585,7.392796255475247,11.923662712436663,25.386745868159295,7.505290787749836,11.656587190849004,25.347170395910823,7.520446549015208,11.605913989268627,25.394800901347576,7.334217390615083,11.601877482227087,25.214393317830623,7.7063675590077665,11.715758519389286,25.448159353874857,7.388725123026426,11.672085867609441,25.281164734503673,7.431905875277852,11.9167040875444,25.165004512312514
4.3500000000000005,7.424516675633343,11.745365822198416,25.20908541507828,7.479248741215268,11.935818717866688,25.117750498875317,7.775605039197252,11.820485568674236,25.262658530927038,7.5982594403810015,11.860127469921226,25.101924867850183,7.678100512526017,12.038483929711758,25.179723321493537,7.589137247015833,11.778412920977969,25.151869829938754,7.518005677448359,11.879447634406386,25.016574470719153,7.633543067060674,12.029685690454425,25.333381844497872,7.706743675216897,11.736447575074926,25.148021191904668,7.780824021821689,12.000432029788632,25.092646970608417
4.4,7.533054778729772,11.882948521625625,24.877207085313817,7.7975376786323665,12.096048497670798,24.90594198198846,7.873319507233769,12.038327171972602,24.80210465892188,7.616745449394109,12.246542756846102,24.89165034119708,7.866160590759936,12.247473534304952,24.801405611480707,7.764438265560647,12.215221820055243,25.101452005468943,7.881070176630359,12.245653930493335,25.11894877481119,7.635253989979171,12.020427988176356,25.0463814793625,7.737188069911276,12.192742484671564,25.18495006161005,7.525806384890135,12.191111473132302,25.127455893092957
4.45,7.840649414147391,12.253276227115544,24.916672254416458,7.593630645403753,12.318533090621603,24.9156257862403,7.7650320214537505,12.264125603938973,24.90383098827958,7.732594083910078,12.10833458841269,24.65448983683955,7.797496997074959,12.13189798197089,24.718023005263294,7.945024299418066,12.345391591269765,24.76917334550874,7.628314731185588,12.083375066353788,24.818847692446933,7.917025631648497,12.318731869486138,24.83903515463331,7.706015814892258,12.146255626110287,24.927423464694304,7.716864150788792,12.148352565418739,24.772929968510535
4.5,7.739447633394774,12.339063615624854,24.451098768313358,7.970692687850527,12.52350337644688,24.600120789219044,7.798924180569343,12.299367811526723,24.661017960570348,8.065390990362928,12.466138493426609,24.556584904340145,7.69734802840495,12.327156955797777,24.389947043381547,7.705244022760794,12.22837314211332,24.700343579542732,7.728634689769441,12.162809662092945,24.617244655917226,7.976021289766056,12.430512635687789,24.629839502235754,7.789773055934263,12.328741238737708,24.397810946512795,7.8939003570032735,12.141448804787041,24.42731211166682
4.55,8.038643510647766,12.542144416155022,24.357429956928666,7.776014587735398,12.408062188209229,24.556335236316123,8.018000871614507,12.59003549447632,24.2128948135902,7.941479585127532,12.428582493524459,24.505505025496234,7.9061123758285,12.407145118421859,24.516284487053696,7.971621159919885,12.636497937716248,24.237376925372825,7.960544810472425,12.570092884905572,24.319459938096667,7.798144855258655,12.333514565690768,24.293132987727486,7.867005217882664,12.470526664534152,24.22097592588268,8.132956586899372,12.498821723313819,24.51633500124724
4.6000000000000005,8.134941026364128,12.80046560469829,23.950405168009038,8.019896115116085,12.511383652517672,24.284635250504763,7.971735765610167,12.793461884128227,23.986832048820887,8.030163247255738,12.588062921679287,24.043640788156985,8.091614868279276,12.575208968049827,24.23688281192913,8.09498850637156,12.66142264868723,24.07367638753844,8.228161791789221,12.707703644535753,24.260016369892547,8.161345896610861,12.407092670888296,24.06373166011712,8.232769688108847,12.61365080706287,24.17355768903022,7.869470115840494,12.683096775405996,24.230870791816358
4.65,8.090810691742407,12.57727247607925,23.952034170575367,8.035960035572094,12.866819923866169,23.937488322229736,8.16091862659331,12.800185604838136,23.99188959818247,8.052995964442118,12.844869673557739,23.833368309829197,8.312735396976986,12.69169226808928,24.020659336367945,8.029144055223508,12.782157457526994,23.883732316123332,7.938824959678063,12.580859771745908,23.94009118574985,8.207262714347037,12.60318196404161,23.89493625522817,8.099632877983511,12.702962666605295,23.909289424396825,7.963372926742396,12.66471977634088,24.013679891107177
4.7,8.030879530917343,12.850173696136025,23.687110738273446,8.277903524699873,13.041101706599731,23.649295649918834,8.202701463724638,12.776272073254802,23.60155115129156,8.408882635593338,12.997432107698865,23.80660025622759,8.312747034946286,12.923486601117496,23.693860242556568,8.18769043493722,12.835275461147608,23.70151603482655,8.162199316097604,13.070473196134675,23.6493436881367,8.327979844302911,12.914749210030529,23.506872143302324,8.163425994231646,12.789900311023034,23.677984818175922,8.188990339299506,12.864333934765874,23.632786485912646
4.75,8.498024364194276,13.029253481260614,23.43672477835254,8.306730274539168,12.964232824738408,23.180412366900505,8.415431299017442,12.92155188234025,23.16532608863921,8.166902220867417,12.836192622844825,23.208503827637493,8.379565603481419,12.937685685757971,23.392019897096326,8.134521172215235,13.114329644515964,23.545411837334115,8.273650282574648,13.023186026850768,23.23975422736202,8.218272408311085,12.860791998464249,23.181633583234476,8.301280029708757,12.886799901569827,23.526591443327234,8.462056341601162,12.871589469440384,23.262337020727966
4.800000000000001,8.356626888253805,13.244636025546296,23.271307254584766,8.450896564525731,13.338534091014841,23.003709684240622,8.455638262772391,13.093562245172995,22.98526120861823,8.225724108717946,13.18317303686359,23.123388858529665,8.530311729810581,13.241854242485006,23.141508461521116,8.452945176987217,13.153472210735009,23.19476489813845,8.293040135599194,13.073689630773107,23.217481963650823,8.280880744252455,13.022658407258074,23.099416171748842,8.564034732972873,13.164723418232601,23.248273982859487,8.479027251884268,13.09922461254014,23.27290585507592
4.8500000000000005,8.413071063429339,13.260779999058759,22.679637826987456,8.683870682424885,13.114680896540682,22.660004505915698,8.670713684774299,13.409201850273051,22.751578324627978,8.570255640596594,13.414403353569229,22.83053028515661,8.514330147358434,13.276636602701497,22.69099921565031,8.307367033632502,13.259553704999988,22.69936663309486,8.460860838111374,13.256794141997412,22.84462678160969,8.290673282468221,13.35787376874937,22.759264042508203,8.383543542383427,13.413045087975728,22.96519830274277,8.382908769264645,13.187722363403735,22.684853271701773
4.9,8.676006094376596,13.289781302523265,22.40600571376486,8.406783845359154,13.381667117908195,22.56828447191777,8.675398348374308,13.497692613960375,22.697254091340405,8.561076223180144,13.472240009797368,22.589766131154487,8.681419975904298,13.438459561065347,22.414161065981506,8.59285379059121,13.274270348828354,22.54787941511035,8.378280680692853,13.436458887269174,22.585319958690956,8.552456518209093,13.244337591394443,22.66816970511753,8.667095766480102,13.366858242208357,22.484583615523903,8.65723597689392,13.552304763283416,22.326554285825193
4.95,8.56460791823796,13.585099882070203,22.341463346961312,8.572451403838828,13.591902050286427,22.387072820572612,8.84242835613127,13.471863399474062,22.192153282893454,8.608644620309216,13.533999900084632,22.08528937976793,8.511205941935266,13.391282000822912,22.106947824353206,8.675535817921798,13.662111736741824,22.046494762413126,8.786579461909435,13.659458861951876,22.339996157874896,8.469103134933842,13.655599628841628,22.0350397983695,8.67505759584396,13.586150865130389,22.031239954587363,8.787570674584632,13.751059039372775,22.21280219127224
5.,8.778240242841337,13.733338070418773,21.98849324791091,8.871731030968789,13.714483943633214,22.044947382786578,8.67813475793015,13.508655886810851,21.8492236021252,8.550054734567672,13.868705796839743,21.97403619850447,8.730062501657011,13.627001101200262,21.791749338179685,8.616216324675671,13.774293336437983,21.913654281038554,8.712903177678648,13.841000440477265,21.840657752037476,8.92445581640646,13.628896255619344,21.934379668691836,8.929311413059105,13.699880283325937,22.034148803032288,8.66320066921671,13.702757499571394,22.014367855328622
5.050000000000001,8.972913584622843,13.983758928723352,21.595955601099003,8.957493769929844,13.733166852778167,21.617459382644746,8.664304197133006,13.737809119841778,21.361490020723732,9.025321052353188,14.005993121179959,21.514699523167984,8.86639752636214,13.687248654908007,21.562733410987324,8.833937564739559,13.74421068708014,21.526221936525086,8.96688421670656,13.785965275188817,21.705788168096632,8.904165081203828,13.677519997218125,21.35642737732731,8.77801633232025,13.781724031080774,21.630803920994136,8.791295895640538,13.88972889404507,21.39828480744721
5.1000000000000005,9.032275471653005,13.901962869571868,21.08997132562958,8.96078335826913,14.115668336081203,21.36362923797623,8.884429074466713,14.06709661772896,21.19129760478865,8.79190173222629,14.136525045347614,21.042766804286835,8.959868249445323,13.891723696487484,21.05903223788,8.866395053350224,13.866863258085088,21.067440831504424,8.86532623816908,13.96663128790388,21.10852276017416,9.065398078492455,14.171434155289434,21.335881871070402,8.753478343208268,14.000531513515488,21.044178014384677,9.094258608449646,14.171114138065136,21.186013194665364
5.15,8.955003013601594,14.27098097652295,20.65748072649025,8.841898570918126,13.997577249081356,21.042758591625148,8.92348351766517,14.287173719443583,20.948641580971326,8.897777514478125,14.064820369738984,21.003172925178475,9.104681783181391,14.248492103763493,20.889156865263505,9.016519296639492,14.175206061191524,20.760792793363994,9.051448401430283,14.214608327928326,21.02810755776744,9.051237888481841,14.075290647419004,21.002935905538685,8.873918561117351,14.273892325518368,20.782233733202254,9.079253861628963,13.922124784564238,20.888080656869477
5.2,9.230954268054505,14.102898787131886,20.33604110741517,9.190422429171843,14.201025674721226,20.554599966736994,9.196942350360882,14.131186992927896,20.408579663959237,9.106999165246815,14.307575623581235,20.378550577106868,9.101573791275497,14.120848377402723,20.345418288406155,8.901538360512896,14.164858173690979,20.5587572833844,9.250519483687082,14.319010709281702,20.556774599622816,9.016010267592229,14.380621032981121,20.56308050133597,9.125154421114011,14.447080619571768,20.528054027169553,9.054987733686753,14.08119554962992,20.30446329464054
5.25,9.090088647927333,14.40811019822415,20.254095404317383,9.054059936865468,14.271391003770969,20.135574818493488,9.211596981704703,14.465761427526836,20.022271798390705,9.27219880059963,14.363505129749814,20.105324141987037,9.240903464274798,14.294268613688772,20.067934549065512,9.20505993043044,14.487807004720205,20.082321257258315,9.012572874980785,14.575333017232373,20.13313003058212,9.278262747119543,14.338365122515683,20.310235604346204,9.047176876208926,14.24432771908583,20.08902559734755,9.301772251909155,14.576052334891841,20.188054793708112
5.300000000000001,9.196572805404488,14.381349611375233,19.914220908549645,9.164697762209533,14.632183961456205,19.677773545570385,9.454931470919952,14.458995311089733,19.854517768745716,9.186650761114938,14.539972296339721,19.71853390092864,9.259317375696149,14.388740677055516,19.76751777458133,9.27486192284213,14.621085043514595,19.62757317355149,9.339051061255498,14.548629757307722,19.565449072183057,9.286800577101559,14.34447295063204,19.876315895939427,9.468351782352382,14.445406263136986,19.699216500018597,9.086405338557983,14.376035331273934,19.863359252625
5.3500000000000005,9.315311956876092,14.548073270107965,19.140997742844846,9.225653407959204,14.629356822426317,19.481413374495645,9.501061355092958,14.53135804722676,19.343509119356515,9.33367848853296,14.503306937930331,19.4050464700792,9.211637424870318,14.78276900578908,19.358269846663614,9.275372192718855,14.56119187303622,19.480242759001683,9.227652499346929,14.634299010484435,19.227742562475918,9.16457641382895,14.728918332020715,19.27642635342633,9.325668938196866,14.797855264001576,19.14123259228573,9.29901108533801,14.642148418952644,19.42661405623476
5.4,9.37128482662902,14.875107965099726,19.064425186198633,9.30375369332231,14.648043261423906,18.893137857024286,9.308350588688972,14.772084831580498,18.96792151080448,9.565446086081959,14.959933352874545,18.994966384418518,9.281209494347298,14.978059643485151,18.98669984211088,9.607048771986985,14.87035376640588,18.864021426398352,9.573228778311258,14.873968925241753,18.957203979995725,9.423202858096188,14.602969085588295,18.82816124608769,9.372581100050727,14.922698280477368,19.010910826367123,9.57135750192835,14.630855231104265,19.051316304278007
5.45,9.669783074789454,14.831073725293308,18.341319687276386,9.637347258607186,14.924813641727317,18.53265589178437,9.44612804529617,14.992961197266919,18.31170288625049,9.556105588251377,14.994136254039903,18.47831982632403,9.581654786140248,15.062245253180146,18.4440301269636,9.681509601574074,14.933644268017321,18.450549572570814,9.454221707969886,15.101758762490922,18.373197517108107,9.491752208001504,14.75896895317668,18.45722385900448,9.36817797990385,15.074685519831815,18.661179564538486,9.713967914297296,14.873406461165747,18.560261120603094
5.5,9.607151324671936,15.174989538350102,18.155143390504893,9.43217464017332,14.888339470272449,17.945938184722127,9.699177192988795,14.909751618469892,18.26904526509384,9.585201105478067,14.899750246049829,17.94463064628691,9.589494595871148,14.953843555482612,17.88619730925081,9.816417716434241,15.004530451009236,17.95249082825357,9.659775249856633,15.12990649869311,18.036227258936325,9.53019898242008,15.094004764709668,17.93246208315348,9.683202662365876,15.13507164185385,18.17705947692742,9.72628449910499,15.192135921987761,17.949159525382175
5.550000000000001,9.783641919700987,15.05275432427539,17.4529839266219,9.744339276155161,15.337868218683253,17.44311065723355,9.71748903241911,15.23890398653415,17.741868896572694,9.89190312961115,15.244956105394108,17.4840325813183,9.86440755506441,15.175439164464743,17.80946443811778,9.548448446051092,15.024648135330942,17.485579232779376,9.691665086088035,15.030392451558999,17.56962712208326,9.75523699978683,15.228544744780397,17.658772808267745,9.78756062600674,15.187117725613765,17.51485148747645,9.636078064938237,15.269671730358272,17.66207541691624
5.6000000000000005,9.892907853663239,15.423202261730072,17.163541170229298,9.896481594619765,15.221633957915532,17.04719268175002,9.90868918225257,15.342981423147203,17.252259251229177,9.66087399510561,15.325666399396706,17.213532566889203,9.920451449412091,15.359600661152719,17.136704779449918,9.77914027084742,15.46001121421621,17.19675006096032,9.74771307643236,15.401194768399808,17.114069021152105,9.735563700064425,15.541117988529958,17.01285026811335,9.841759995951294,15.47838665903901,17.229813023255957,9.66573386052737,15.41606081411544,17.372895059094148
5.65,10.005443756869283,15.657280969575357,16.806801844471345,9.736364006653348,15.408388307705561,16.553441757257836,9.873256725709872,15.456799803527497,16.855408362918073,9.781167339749956,15.654274432955566,16.783647677970762,10.057897503418529,15.437346672478654,16.59673792530952,9.780463134126949,15.439170528857483,16.672434436885553,9.769356313052485,15.414134902955544,16.927553799142785,9.985041807947496,15.45455055796454,16.74506651739837,10.034941309914728,15.383973996708258,16.5897408986568,9.903265718021924,15.571779670423956,16.707711211057138
5.7,9.780957575886942,15.743590655592035,16.236839006286072,9.84324361907617,15.462200576118429,16.256452568545743,10.038258643958226,15.451726158519932,16.338299221654836,10.094046747698092,15.71648884708585,16.195103040749345,9.905567448241614,15.748928339572863,16.335079969455577,10.0893018238011,15.426007557944356,16.26445849112056,10.055818037823393,15.784297407251819,16.08897182261235,10.008792229021578,15.721871993458564,16.439230832268045,10.001295569035232,15.672324657040862,16.128822884960883,10.108857500919772,15.66099267113289,16.446909365748922
5.75,10.177309691981018,15.556352841409739,15.799613310761469,10.157243344276988,15.65876328127196,15.840270915434505,9.970874381338056,15.734150955304273,15.76175139307202,10.208417496852084,15.859587977565878,15.615727948053435,10.188876927340628,15.690774679804694,15.583422525284565,10.246743825602056,15.9389023593259,15.62256251614772,9.943342645244096,15.561618366047778,15.826251415737415,10.242396201834634,15.779167031980547,15.611694648549657,10.230158815064344,15.765645431993123,15.650217112702585,10.01392076467897,15.809446798203926,15.8163088418673
5.800000000000001,10.177733090035579,15.834140736121325,15.241470097989799,10.06122772004005,15.752035922283312,15.270593739428687,10.308457602330764,15.923156893798804,15.1135648271577,10.156620751189127,15.816799187767536,15.438295149718432,10.212911754710225,15.87491421642522,15.386444033513826,9.991347001106812,15.78122745489156,15.460268116274797,10.00958155626119,15.891196039551273,15.206356516955056,10.208558918219062,16.038955556768393,15.113996629937041,10.137342578661658,15.872931878826313,15.172315639484982,10.027840316519166,16.017015973548542,15.470881969525042
5.8500000000000005,10.128663506137606,16.143743605103705,14.908474966029559,10.336307199567049,15.977921354445172,14.853078279068447,10.354326024973307,15.848760608811688,14.950103801868131,10.145219007662828,16.22591427354514,14.61703866197629,10.422997951658507,16.15964424321145,14.834421725185914,10.122115116244025,16.08656793476026,14.780810439221234,10.418462804465479,15.874913510549584,14.70720071291895,10.254601972205904,15.917312723926864,14.847569567529261,10.243855297570912,15.951854629392678,14.72773384416031,10.112046126541399,16.141758264935387,14.888798586680354
5.9,10.212097609452055,16.347123938086458,14.23048390224129,10.416486882053448,15.970037554476114,14.105438677117764,10.135853915927635,16.23189746721148,14.17651347522238,10.511247270534836,16.318867726249362,14.35383444686977,10.273112024474404,16.060873481721945,14.17737591434357,10.281166033520279,16.259857801947835,14.19800643248605,10.399709281297154,16.339934610865473,14.177473251598373,10.262824527041012,15.991543958906155,14.231588715763852,10.351350326246635,15.97831665890762,14.22858925362087,10.286248848600229,16.14065285868184,14.126470892013886
5.95,10.607780897523009,16.19996577614029,13.549639478999119,10.413731299679586,16.43146691358165,13.745937432113154,10.551493387523635,16.134426660205573,13.717478855911382,10.32482211494282,16.418415916938187,13.643455852855661,10.468498989592666,16.476459211175502,13.577145868397004,10.263122330287077,16.318041660457514,13.81468075270767,10.34845209004957,16.19251320313718,13.561170938558059,10.491380101932618,16.432616106152498,13.676429135715765,10.420966287784196,16.18966605075849,13.732203219130636,10.402148718831857,16.18600820378104,13.75293945470739
6.,10.307943677536276,16.319519562531347,13.06443951013623,10.67879936372939,16.624007195188607,13.340672136165098,10.498749995767463,16.492051981660595,13.020859396934648,10.699470966517751,16.422387400082265,13.216200157066705,10.506532306255226,16.371367136049304,13.376508138029537,10.40444864084092,16.611157067896446,13.356959308707832,10.453181764957327,16.428069142743542,13.104080437143752,10.67700479591165,16.449975758190252,13.112976622076957,10.322216046566773,16.4044612818898,13.288520415583818,10.382150611403098,16.449468842173285,13.12255341813302
6.050000000000001,10.545635258810913,16.458439798493448,12.703703467534666,10.562359569498929,16.753129231098516,12.488070024151035,10.524005416185597,16.416027340324145,12.827257560784473,10.527972638441263,16.477492117512185,12.787360691640773,10.778378476357629,16.56579092376175,12.703427492642756,10.661363010704758,16.7577473638972,12.591112743444468,10.522719117864709,16.67939493132705,12.572964172494794,10.690275508108316,16.76280956080885,12.806383374619358,10.472837432710019,16.45093104225051,12.846799944743873,10.547905263485005,16.586883781105943,12.686773845175377
6.1000000000000005,10.732741977762878,16.667504299979928,12.052645985313553,10.780302589003952,16.74763449949582,12.016331398804855,10.543465785417547,16.707306394367773,12.058218994440933,10.78117190536351,16.76776179667281,12.03962329767384,10.61876041099272,16.515369571347968,12.205016680985885,10.749802990807375,16.738409882717242,11.919401438594216,10.58742604395259,16.80129105171373,11.956889976093244,10.850637042952005,16.808065307958266,11.931624416286729,10.843687935464331,16.84814994462029,11.947215726511493,10.809420141882995,16.855676144260954,11.947318207327777
6.15,10.875936728366984,16.829132547529895,11.526278356884225,10.841694816311241,16.68327242564015,11.72274370077663,10.915181739069938,16.670654638313117,11.531348557314457,10.640736701472592,16.894946953845363,11.64653574882349,10.86580979466667,16.758703787016138,11.685625609089936,10.890672900697455,17.010253994157658,11.37476178560365,10.58283026250774,16.712477016911496,11.483176891035944,10.61828973923797,16.871513524628718,11.491571383356034,10.669816600992588,16.651775130173686,11.39235922333618,10.86947033487574,17.01029768788616,11.698061390700452
6.2,10.687663431839338,17.14259825754922,10.810317165204872,10.650909668723353,16.955258558868895,10.936429474545672,11.005741412993679,17.010085314457633,10.759274028287638,10.764526805751757,17.091141429900556,11.092876048171359,10.733602561476774,16.90496618548467,10.886915621871028,11.03513454991952,17.117668742825675,11.045769678796733,10.921685780430158,16.946961527309693,10.952064205475187,10.836795996007796,16.873097073989474,10.798789995690537,10.719741444734806,17.11684913737705,10.854727232745246,10.993068480207306,16.979822520298708,10.783196630908678
6.25,11.042666312882586,16.999207818454607,10.169247502250213,10.827045111679718,17.242546325235576,10.428767226070384,11.050446674385714,16.98707601131199,10.241100103276553,11.037017721301602,16.934826907965576,10.493778125939828,10.914783663806139,17.225821015978916,10.351625630575276,10.828276513727277,17.20887738317327,10.279021540341615,11.021229620234902,17.16324673184617,10.517133694906034,11.005396840406403,17.079589668849014,10.468848615474661,10.923442600950482,17.173621110098313,10.162148264869606,11.036091521239772,17.192231540635667,10.364240145240622
6.300000000000001,10.919126173425525,17.148020397399204,9.708124304304757,10.839141481326612,17.403227292690055,9.91864487689825,10.986481883669713,17.155887626328692,9.815688385325979,11.040091300071682,17.35784906126005,9.715703118837997,10.848469460139565,17.308021713079967,9.78032217944002,10.969763638226397,17.2540217669767,9.662902708651607,11.116620048162742,17.247857490731946,9.705488809861475,11.19039539685692,17.439415680469754,9.91942385393071,11.212389285782722,17.27530065589648,9.907756360648161,11.086737175192955,17.071094027344646,9.856033717664983
6.3500000000000005,11.2595162201583,17.296843309827292,9.267992484877292,11.244906231351392,17.420681934435624,9.11703568603837,10.992889496371335,17.232270052185953,9.276043582410766,11.097205789983427,17.461060735199503,8.979273937197034,11.15053973662356,17.338103553097223,9.018525839639583,11.107820639948828,17.219561570264958,9.14193372682503,11.008987562340078,17.396617351983082,9.172366050613075,10.918738346410736,17.31569460518706,9.219617848701855,10.940753668038239,17.280885961020513,8.989932142103823,11.246001070379096,17.371041139378747,9.282743708443876
6.4,11.23519069057359,17.525037457490768,8.47384281741865,11.021484447970671,17.46479335283891,8.637024024670772,11.093650769039314,17.532923403714413,8.357878138015902,11.199410283154622,17.517511189899835,8.420469767615373,11.266566255024856,17.616774148053874,8.360159892052751,11.268006684718463,17.609714428335376,8.587483628936274,11.395126433745512,17.373185485828678,8.687537190952511,11.390934002719263,17.551865396095764,8.702705090987845,11.322365529720626,17.67999955018729,8.432396158166675,11.130379152403263,17.565950950776614,8.544507949865316
6.45,11.214776805025929,17.499689006635816,7.7493056168890355,11.458444812065554,17.63351404578664,8.039701712492459,11.249238178846975,17.776656832217167,7.9668955572929105,11.31847145492189,17.475790463003467,7.965254326655359,11.108812585129055,17.541481848909196,8.031304419349254,11.462490315365542,17.789365769921577,8.01274460569289,11.128450027168938,17.823033176098697,7.990613826626612,11.295567072010595,17.742467458391495,8.04392023458722,11.267991370670757,17.531884528262317,7.796747056127219,11.145922660856172,17.773019629135327,7.879947732844538
6.5,11.573262616029416,17.77335541701671,7.062224951314094,11.359456915177033,17.926110367041275,7.238820667625787,11.415644358902233,17.704964993082193,7.185023346327802,11.292379114118761,17.83911890828863,7.322064586236797,11.325057719602768,17.67322441385483,7.31541312759223,11.29955872971783,17.741177638719765,7.290961843248194,11.214369679519471,17.69496205909728,7.151710123749112,11.293504451113575,17.723472414724373,7.417193207801191,11.22830750319488,17.814746374874623,7.209259513544039,11.28933118479875,17.7905005046336,7.2436406424175726
6.550000000000001,11.27538174219498,17.991856869942346,6.631312280616157,11.535665149171319,17.919730816182422,6.495530224335555,11.621972828585399,17.831015998264075,6.527875750240245,11.584205435480932,17.994884268134587,6.506609261129185,11.322176459598372,18.086047320851172,6.551461184162283,11.609770784149143,17.82147731628325,6.410661293667458,11.307558877348171,17.816782576411754,6.6060753525419385,11.649530457133789,18.071883491806698,6.754866884925233,11.381769472804352,18.00786309252494,6.552913557934236,11.641766737222305,17.780124399359178,6.617090507615757
6.6000000000000005,11.569142557514922,18.130375580845882,6.056807763149587,11.644620397305962,17.986333928877233,5.828800210664722,11.56557201617441,18.055273747882616,6.0657951208439655,11.53986801530481,18.275803544703933,5.722652883398038,11.672900020067104,17.980153594330528,5.740541821311887,11.598538357378082,18.099645513485008,5.815058506170645,11.684022798342443,18.105654146592926,6.062040466736191,11.45027700652378,17.93683395657465,5.7329218011486045,11.424089188104242,18.005418481318117,5.920723269522161,11.716447172836885,18.191127919981977,5.7157213122678385
6.65,11.458298161593797,18.127869109518542,5.304606349268679,11.60217912551484,18.42082357132466,5.313291708491089,11.730696457450772,18.025832158282963,5.101949976216698,11.570760501124406,18.238580390448988,5.218769955736239,11.557206783697087,18.412411904876098,5.114900790641581,11.612232554359768,18.128582058889208,5.3349668036823,11.503700248887185,18.111146992440716,5.150495925010969,11.507661275362771,18.357439107999234,5.230051479010863,11.742773284955563,18.114624695152212,5.055547287022656,11.709051406554948,18.118650624500013,5.358492779491849
6.7,11.597458961185877,18.21875077222974,4.480621077786842,11.851026965958571,18.42480498495017,4.389516647121083,11.754428636753413,18.162901268502733,4.710174180648204,11.776679138398023,18.51216844182815,4.475670053247021,11.907007552820883,18.32686388620881,4.500208657804716,11.627153600317804,18.552019689237206,4.59248948536882,11.718332282715327,18.327707266719255,4.732240222057689,11.712435969606933,18.277205231043656,4.6011567432166665,11.781142171190451,18.20568077110533,4.514474492854043,11.582019284836264,18.4845782800513,4.662250325439479
6.75,11.912238945930271,18.47038393886019,3.718913687334875,11.75147148877327,18.296569387576238,3.739206014671058,12.005057698880593,18.655546218173154,3.9431677786598494,11.663444287459125,18.500826665219517,3.684282088642345,11.645898631920138,18.58139792468759,3.7923351963146334,11.794731678832319,18.66508806856957,3.9853475090377275,11.630923395466697,18.305115615193298,3.8359684919566375,11.948943430657751,18.660612039633822,4.0059564975405735,12.011177991216046,18.37669425402715,3.820291030372638,11.982403008375709,18.320870073915472,3.9852113782554865
6.800000000000001,11.70175323732709,18.795131603280886,3.0165292950695215,11.864768835040058,18.673825153492455,3.1284146325739344,11.869073431196407,18.741808749865424,3.1371537083126184,11.763393365230645,18.58937740510764,2.9723614470695616,11.91644532838573,18.57354540539375,3.032901995848558,11.745654696485671,18.65231978258314,3.093573856552231,11.812174749736275,18.684243089846102,3.0034808195962506,11.821053338225882,18.475012611709662,3.297430774294832,12.03500375115833,18.49293841061153,3.0635563718953476,11.874334679373337,18.61174224506628,3.0316301456656234
6.8500000000000005,11.952729990932934,18.884304469425995,2.3024902869018273,12.123725318760652,18.6939321831278,2.442799799574839,11.928021598497297,18.56993120997972,2.4295199133867764,11.82297602650787,18.934593466623113,2.4682777810901557,12.16642319403068,18.59636850839593,2.224734056768432,12.135043698713858,18.960709480756098,2.415438243348953,12.109876989727974,18.713221001532414,2.6047441911229168,11.812342357265925,18.589962251535326,2.559936888028263,12.006925024841795,18.604702484314803,2.5389738476833545,12.005212939321511,18.892420324351544,2.5507050315649695
6.9,11.995683875270066,18.793298101675408,1.8678201100081648,11.992338127219071,18.891775793025406,1.5084640533860754,12.094024112000229,18.981572818843553,1.5159744584871098,12.149415919421537,18.768021328990763,1.7780323879714772,12.162596015482581,18.812298612083453,1.6072110088905176,11.969543991620695,18.806144161039317,1.5198188963096713,12.043258468058683,18.907692680398263,1.51637752996833,12.116951479315507,18.940233797224856,1.8105948618198533,12.20305584340087,18.795390632688655,1.5612048076370124,12.11930168075439,18.906840537467552,1.5251430196836262
6.95,12.071329503765437,19.12493531920025,0.873873038075397,12.050205685151848,19.055670366501225,0.7813200746577975,12.265374784616705,19.009826423207937,0.8213167265345245,12.003945670164276,19.01192798004268,0.9102712324154202,12.03463704555367,19.163108404094537,1.0846646107972662,12.297615936843679,18.918087749000172,1.0062420209961043,12.358409027906486,19.001260811322336,0.7332811931399503,12.30248654083674,18.8813679442823,0.9782425095025215,12.163298474059314,19.239163805319787,0.7468555044815901,12.159301130807266,19.115213904955333,0.8490206561841391
7.,12.295026876834529,19.333286358839857,0.08763906779547248,12.199581562713913,19.331519527569036,0.2960240218202945,12.2699372572963,19.259088720149684,0.2572272928986199,12.231073954578212,19.326940080048658,0.25562085131283374,12.448469059291133,19.340712277792548,0.21747438395726748,12.223398515630903,19.03433978806283,0.25374686761372967,12.323444028348238,19.09170613953552,0.33736330485847554,12.1167120460657,19.35843969333123,0.22022351366031656,12.171659123697257,19.238702424019298,0.16044775331640426,12.313587389358498,19.15067500771701,0.2072341326119056
